09X07/16/100/5
XXXXXX/XXXXXX/XXXXXX/XXXXXX
0000000000000000
0000000000000000
0000000000000000
0000000000000000
0000000000000000
0000000000000000
0000000000000000
0000000000000000
0000000000000000
0000000111000000
0000011111110000
0000011111110000
0000111111111000
0000111111111000
0000111111111000
0000111111111000
0000011111110000
0000011111110000
0000000111000000
0000000000000000
0000000000000000
0000000000000000
0000000000000000
0000000000000000
0000010000010000
0100001100010000
0011000001111111
0000001110000000
0000110001000000
0001000010000000
0001001111111111
0001110001000001
0001000011000010
0101001100100100
0011111010011000
0001001001101100
0001001011000011
0001001100000001
0001000000000001
0000000000000000
0000000000000000
0000000000000000
0000000000000010
0000000000001100
0011111111110010
0010000000000010
0010000100000010
0010000100000010
0010000100000010
0010000100000010
0010111111111110
0010000100000010
0010000101000010
0010000100111010
0010001100010010
0010000100000010
0010000000000010
0000000000000000
0000000000000000
0000010000010000
0100001100010000
0011000001111111
0000011110000000
0000000000000000
0000011111111111
0000010000100001
0000010000100001
0000010000100001
0111111111111111
0000010000100001
0000010000100001
0000010000100001
0000011111111111
0000000000000000
0000000000000000
0011111111111111
0010000000000001
0010000000000001
0010011111110001
0010010000010001
0010010000010001
0010010000010001
0010010000010001
0010010000010001
0010011111110001
0010000000000001
0010000000000001
0011111111111111
0000000000000000
0000000000000000
0000000000000000
0000010000010000
0100001100010000
0011000001111111
0000011110000000
0000000000000000
0000011111111111
0000010000100001
0000010000100001
0000010000100001
0111111111111111
0000010000100001
0000010000100001
0000010000100001
0000011111111111
0000000000000000
0000000000000000
0000000000000000
0010000000000010
0010000000000010
0011111111111110
0010000000000010
0010000000000010
0000000000000000
0000000000000000
0000000000000000
0000000000000000
0000000000001000
0000010000000100
0000010000000100
0000011111111000
0000010000000000
0000010000000000
0000000000000000
0000000000000000
0000000000000000
0000000100000100
0000001000000100
0000011111111100
0000000000000100
0000000000000100
0000000000000000
0000000000000000
0000000000000000
0000000100000100
0000001000000100
0000011111111100
0000000000000100
0000000000000100
0000000000000000
0000000000000000
0000011111111100
0000010001000100
0000010001000100
0000010001000100
0000010001000100
0000010010100100
0000001100011000
0000000000000000
0000001111001000
0000010001000100
0000010001000100
0000010001000100
0000010001000100
0000010001000100
0000001000111000
0000000000000000
0000000000000000
0000000000001100
0000000000001100
0000000000000000
0000000000000000
0000000000000000
0000000000000000
0000000000000000
0000011110000100
0000010001000100
0000010001000100
0000010001000100
0000010001000100
0000010001000100
0000000000111000
0000000000000000
0000001000001000
0000010000000100
0000010000000100
0000010001000100
0000010001000100
0000010011000100
0000001100111000
0000000000000000
0000000000000000
0000000100000100
0000001000000100
0000011111111100
0000000000000100
0000000000000100
0000000000000000
0000000000000000
0000000011100000
0000000100100000
0000001000100000
0000011111111100
0000000000100000
0000000000100000
0000000000100000
0000000000000000
0000000000000000
0000000000001100
0000000000001100
0000000000000000
0000000000000000
0000000000000000
0000000000000000
0000000000000000
0000000000111100
0000000011100000
0000001100100000
0000010000100000
0000001100100000
0000000011100000
0000000000111100
0000000000000000
0000000000000000
0000000000001100
0000000000001100
0000000000000000
0000000000000000
0000000000000000
0000000000000000
0000000000000000
0000000111110000
0000001000001000
0000010000000100
0000010000000100
0000010000000100
0000001000001000
0000000111110000
0000000000000000
0000000000000000
0000000100000100
0000001000000100
0000011111111100
0000000000000100
0000000000000100
0000000000000000
0000000000000000
0000000111110000
0000001000001000
0000010000000100
0000010000000100
0000010000000100
0000001000001000
0000000111110000
0000000000000000
0000000000000000
0000000000001100
0000000000001100
0000000000000000
0000000000000000
0000000000000000
0000000000000000
0000000000000000
0000001110000000
0000010001000100
0000010001000100
0000010001000100
0000010001000100
0000010001000100
0000001111111000
0000000000000000
0000000000000000
0000011110000100
0000010001000100
0000010001000100
0000010001000100
0000010001000100
0000010001000100
0000000000111000
0000000000000000
0000000111110000
0000001000001000
0000010000000100
0000010000000100
0000010000000100
0000001000001000
0000000111110000
0000000000000000
0000000000000000
0000000000000000
0000000000000000
0000000000000000
0000000000000000
0000000000000000
0000000000000000
0000000000000000
0000000000000000
0000000000000000
0000000000000000
0000000000000000
0000000000000000
0000000000000000
0000000000000000
0000000000000000
0000000000000000
0000000000000000
0000000000000000
0000000000000000
0000000000000000
0000000000000000
0000000000000000
0000000000000000
0000000000000000
0000000000000000
0000000000000000
0000000000000000
0000000000000000
0000000000000000
0000000000000000
0000000000000000
0000000000000000
0000000000000000
0000000000000000
0000000000000000
0000000000000000
0000000000000000
0000000000000000
0000000000000000
0000000000000000
0000000000000000
0000000000000000
0000000000000000
0000000000000000
0000000000000000
0000000000000000
0000000000000000
0000000000000000
0000000000000000
0000000000000000
0000000000000000
0000000000000000
0000000000000000
0000000000000000
0000000000000000
0000000000000000
0000000000000000
0000000000000000
0000000000000000
0000000000000000
0000000000000000
0000000000000000
0000000000000000
0000000000000000
0000000000000000
0000000000000000
0000000000000000
0000000000000000
0000000000000000
0000000000000000
0000000000000000
0000000000000000
0000000000000000
0000000000000000
0000000000000000
0000000000000000
0000000000000000
0000000000000000
0000000000000000
0000000000000000
0000000000000000
0000000000000000
0000000000000000
0000000000000000
0000000000000000
0000000000000000
0000000000000000
0000000000000000
0000000000000000
0000000000000000
0000000000000000
0000000000000000
0000000000000000
0000000000000000
0000000000000000
0000000000000000
0000000000000000
0000000000000000
0000000000000000
0000000000000000
0000000000000000
0000000000000000
0000000000000000
0000000000000000
0000000000000000
0000000000000000
0000000000000000
0000000000000000
0000000000000000
0000000000000000
0000000000000000
0000000000000000
0000000000000000
0000000000000000
0000000000000000
0000000000000000
0000000000000000
0000000000000000
0000000000000000
0000000000000000
0000000000000000
0000000000000000
0000000000000000
0000000000000000
0000000000000000
0000000000000000
0000000000000000
0000000000000000
0000000000000000
0000000000000000
0000000000000000
0000000000000000
0000000000000000
0000000000000000
0000000000000000
0000000000000000
0000000000000000
0000000000000000
0000000000000000
0000000000000000
0000000000000000
0000000000000000
0000000000000000
0000000000000000
0000000000000000
0000000000000000
0000000000000000
0000000000000000
0000000000000000
0000000000000000
0000000000000000
0000000000000000
0000000000000000
0000000000000000
0000000000000000
0000000000000000
0000000000000000
0000000000000000
0000000000000000
0000000000000000
0000000000000000
0000000000000000
0000000000000000
0000000000000000
0000000000000000
0000000000000000
0000000000000000
0000000000000000
0000000000000000
0000000000000000
0000000000000000
0000000000000000
0000000000000000
0000000000000000
0000000000000000
0000000000000000
0000000000000000
0000000000000000
0000000000000000
0000000000000000
0000000000000000
0000000000000000
0000000000000000
0000000000000000
0000000000000000
0000000000000000
0000000000000000
0000000000000000
0000000000000000
0000000000000000
0000000000000000
0000000000000000
0000000000000000
0000000000000000
0000000000000000
0000000000000000
0000000000000000
0000000000000000
0000000000000000
0000000000000000
0000000000000000
0000000000000000
0000000000000000
0000000000000000
0000000000000000
0000000000000000
0000000000000000
0000000000000000
0000000000000000
0000000000000000
0000000000000000
0000000000000000
0000000000000000
0000000000000000
0000000000000000
0000000000000000
0000000000000000
0000000000000000
0000000000000000
0000000000000000
0000000000000000
