09X07/16/100/4
XXXXXX/XXXXXX/XXXXXX/XXXXXX
0000000000000000
0000000000000000
0000000100000000
0000000100000000
0000001110000000
0000001110000000
0000011111000000
0001111111110000
0111111111111100
0001111111110000
0000011111000000
0000001110000000
0000001110000000
0000000100000000
0000000100000000
0000000000000000
0000000000000000
0000000000000000
0000000000000000
0000000000000000
0000011110000001
0000010000001110
0111111111110000
0000010000001000
0010101000010101
0000110100100110
0111001011001000
0001000100010110
0001011000100011
0001101001001000
0000001010000110
0111111100000011
0001001011001000
0000101000110110
0000001000010011
0000000000000000
0000000000000000
0000010000010000
0100001100010000
0011000001111111
0000011110000000
0000000000000000
0000011111111111
0000010000100001
0000010000100001
0000010000100001
0111111111111111
0000010000100001
0000010000100001
0000010000100001
0000011111111111
0000000000000000
0000000000000000
0000000000000000
0000000000000000
0000000000000000
0000000000100000
0001000000010000
0001000000010000
0001111111100000
0001000000000000
0001000000000000
0000000000000000
0000000000000000
0000000000000000
0000010000010000
0000100000010000
0001111111110000
0000000000010000
0000000000010000
0000000000000000
0000000000000000
0000111111100000
0001000100010000
0001000100010000
0001000100010000
0001000100010000
0001000100010000
0000000011100000
0000000000000000
0000000000000000
0000000000110000
0000000000110000
0000000000000000
0000000000000000
0000000000000000
0000000000000000
0000000000000000
0000111111100000
0001000100010000
0001000100010000
0001000100010000
0001000100010000
0001000100010000
0000000011100000
0000000000000000
0000000000000000
0000010000010000
0000100000010000
0001111111110000
0000000000010000
0000000000010000
0000000000000000
0000000000000000
0000000000000000
0000010000010000
0000100000010000
0001111111110000
0000000000010000
0000000000010000
0000000000000000
0000000000000000
0000011111000000
0000100000100000
0001000000010000
0001000000010000
0001000000010000
0000100000100000
0000011111000000
0000000000000000
0000000000000000
0000000000110000
0000000000110000
0000000000000000
0000000000000000
0000000000000000
0000000000000000
0000000000000000
0000000011110000
0000001110000000
0000110010000000
0001000010000000
0000110010000000
0000001110000000
0000000011110000
0000000000000000
0000000000000000
0000000000110000
0000000000110000
0000000000000000
0000000000000000
0000000000000000
0000000000000000
0000000000000000
0000111011100000
0001000100010000
0001000100010000
0001000100010000
0001000100010000
0001000100010000
0000111011100000
0000000000000000
0000100000010000
0001000000110000
0001000001010000
0001000010010000
0001000010010000
0001000100010000
0000111000010000
0000000000000000
0001111000010000
0001000100010000
0001000100010000
0001000100010000
0001000100010000
0001000100010000
0000000011100000
0000000000000000
0000000000000000
0000000000110000
0000000000110000
0000000000000000
0000000000000000
0000000000000000
0000000000000000
0000000000000000
0000111000000000
0001000100010000
0001000100010000
0001000100010000
0001000100010000
0001000100010000
0000111111100000
0000000000000000
0000011111000000
0000100000100000
0001000000010000
0001000000010000
0001000000010000
0000100000100000
0000011111000000
0000000000000000
0001000000000000
0001000000000000
0001000000000000
0001000111110000
0001001000000000
0001010000000000
0001100000000000
0000000000000000
0000000000000000
0000000000000000
0000000000000000
0000000000000000
0000000000000000
0000000000000000
0000000000000000
0000000000000000
0000000000000000
0000000000000000
0000000000000000
0000000000000000
0000000000000000
0000000000000000
0000000000000000
0000000000000000
0000000000000000
0000000000000000
0000000000000000
0000000000000000
0000000000000000
0000000000000000
0000000000000000
0000000000000000
0000000000000000
0000000000000000
0000000000000000
0000000000000000
0000000000000000
0000000000000000
0000000000000000
0000000000000000
0000000000000000
0000000000000000
0000000000000000
0000000000000000
0000000000000000
0000000000000000
0000000000000000
0000000000000000
0000000000000000
0000000000000000
0000000000000000
0000000000000000
0000000000000000
0000000000000000
0000000000000000
0000000000000000
0000000000000000
0000000000000000
0000000000000000
0000000000000000
0000000000000000
0000000000000000
0000000000000000
0000000000000000
0000000000000000
0000000000000000
0000000000000000
0000000000000000
0000000000000000
0000000000000000
0000000000000000
0000000000000000
0000000000000000
0000000000000000
0000000000000000
0000000000000000
0000000000000000
0000000000000000
0000000000000000
0000000000000000
0000000000000000
0000000000000000
0000000000000000
0000000000000000
0000000000000000
0000000000000000
0000000000000000
0000000000000000
0000000000000000
0000000000000000
0000000000000000
0000000000000000
0000000000000000
0000000000000000
0000000000000000
0000000000000000
0000000000000000
0000000000000000
0000000000000000
0000000000000000
0000000000000000
0000000000000000
0000000000000000
0000000000000000
0000000000000000
0000000000000000
0000000000000000
0000000000000000
0000000000000000
0000000000000000
0000000000000000
0000000000000000
0000000000000000
0000000000000000
0000000000000000
0000000000000000
0000000000000000
0000000000000000
0000000000000000
0000000000000000
0000000000000000
0000000000000000
0000000000000000
0000000000000000
0000000000000000
0000000000000000
0000000000000000
0000000000000000
0000000000000000
0000000000000000
0000000000000000
0000000000000000
0000000000000000
0000000000000000
0000000000000000
0000000000000000
0000000000000000
0000000000000000
0000000000000000
0000000000000000
0000000000000000
0000000000000000
0000000000000000
0000000000000000
0000000000000000
0000000000000000
0000000000000000
0000000000000000
0000000000000000
0000000000000000
0000000000000000
0000000000000000
0000000000000000
0000000000000000
0000000000000000
0000000000000000
0000000000000000
0000000000000000
0000000000000000
0000000000000000
0000000000000000
0000000000000000
0000000000000000
0000000000000000
0000000000000000
0000000000000000
0000000000000000
0000000000000000
0000000000000000
0000000000000000
0000000000000000
0000000000000000
0000000000000000
0000000000000000
0000000000000000
0000000000000000
0000000000000000
0000000000000000
0000000000000000
0000000000000000
0000000000000000
0000000000000000
0000000000000000
0000000000000000
0000000000000000
0000000000000000
0000000000000000
0000000000000000
0000000000000000
0000000000000000
0000000000000000
0000000000000000
0000000000000000
0000000000000000
0000000000000000
0000000000000000
0000000000000000
0000000000000000
0000000000000000
0000000000000000
0000000000000000
0000000000000000
0000000000000000
0000000000000000
0000000000000000
0000000000000000
0000000000000000
0000000000000000
