09X07/16/100/5
XXXXXX/XXXXXX/XXXXXX/XXXXXX
0000001110000000
0000111111100000
0000111111100000
0001111111110000
0001111111110000
0001111111110000
0001111111110000
0000111111100000
0000111111100000
0000001110000000
0000000000000000
0000000000000000
0000000000000000
0000000000000000
0000100000100000
1000011000100000
0110000011111111
0000011100000000
0001100010000000
0010000100000000
0010011111111111
0011100010000010
0010000110000100
1010011001001000
0111110100110000
0010010011011000
0010010110000110
0010011000000011
0010000000000010
0000000000000000
0000000000000000
0000000000000100
0000000000011000
0111111111100100
0100000000000100
0100001000000100
0100001000000100
0100001000000100
0100001000000100
0101111111111100
0100001000000100
0100001010000100
0100001001110100
0100011000100100
0100001000000100
0100000000000100
0000000000000000
0000000000000000
0000100000100000
1000011000100000
0110000011111111
0000111100000000
0000000000000000
0000111111111111
0000100001000010
0000100001000010
0000100001000010
1111111111111110
0000100001000010
0000100001000010
0000100001000010
0000111111111111
0000000000000000
0000000000000000
0000000000000000
0000000000000000
0000000000000000
0000000000000000
0000000000000000
0000000000000000
0000000000000000
0000000000000000
0000000000000000
0000000000000000
0000100000100000
0000100000110000
1111111111100000
0000100001000000
0000100001000000
0000000000000000
1001111100000000
0101000101111111
0111010101010010
0001001101010010
0001111101010010
0011001101010010
1101010101010010
0101000101111111
0001111100000000
0000000000000000
0000000000000100
0000000000011000
0111111111100100
0100000000000100
0100001000000100
0100001000000100
0100001000000100
0100001000000100
0101111111111100
0100001000000100
0100001010000100
0100001001110100
0100011000100100
0100001000000100
0100000000000100
0000000000000000
0010000000000100
0010000000000100
0011111111111100
0010000000000100
0010000000000100
0000000000000000
0010000000000100
0010000000000100
0011111111111100
0010000000000100
0010000000000100
0000000000000000
0000000000000000
0000000000000000
0000000000000000
0000000000000000
0000000000000000
0000000000000000
0000000000000000
0000000000000000
0000000000000000
0000000000000000
0000000000010000
0000100000001000
0000100000001000
0000111111110000
0000100000000000
0000100000000000
0000000000000000
0000000000000000
0000000000000000
0000001000001000
0000010000001000
0000111111111000
0000000000001000
0000000000001000
0000000000000000
0000000000000000
0000000000000000
0000001000001000
0000010000001000
0000111111111000
0000000000001000
0000000000001000
0000000000000000
0000000000000000
0000111111111000
0000100010001000
0000100010001000
0000100010001000
0000100010001000
0000100101001000
0000011000110000
0000000000000000
0000000000000000
0000000000011000
0000000000011000
0000000000000000
0000000000000000
0000000000000000
0000000000000000
0000000000000000
0000111100001000
0000100010001000
0000100010001000
0000100010001000
0000100010001000
0000100010001000
0000000001110000
0000000000000000
0000010000010000
0000100000001000
0000100000001000
0000100010001000
0000100010001000
0000100110001000
0000011001110000
0000000000000000
0000010000001000
0000100000011000
0000100000101000
0000100001001000
0000100001001000
0000100010001000
0000011100001000
0000000000000000
0000000111000000
0000001001000000
0000010001000000
0000111111111000
0000000001000000
0000000001000000
0000000001000000
0000000000000000
0000000000000000
0000000000011000
0000000000011000
0000000000000000
0000000000000000
0000000000000000
0000000000000000
0000000000000000
0000111111111000
0000100010001000
0000100010001000
0000100010001000
0000100010001000
0000100101001000
0000011000110000
0000000000000000
0000000000000000
0000000000011000
0000000000011000
0000000000000000
0000000000000000
0000000000000000
0000000000000000
0000000000000000
0000011111110000
0000100010001000
0000100010001000
0000100010001000
0000100010001000
0000100010001000
0000000001110000
0000000000000000
0000111100001000
0000100010001000
0000100010001000
0000100010001000
0000100010001000
0000100010001000
0000000001110000
0000000000000000
0000111100001000
0000100010001000
0000100010001000
0000100010001000
0000100010001000
0000100010001000
0000000001110000
0000000000000000
0000000000000000
0000000000011000
0000000000011000
0000000000000000
0000000000000000
0000000000000000
0000000000000000
0000000000000000
0000011100000000
0000100010001000
0000100010001000
0000100010001000
0000100010001000
0000100010001000
0000011111110000
0000000000000000
0000100000000000
0000100000000000
0000100000000000
0000100011111000
0000100100000000
0000101000000000
0000110000000000
0000000000000000
0000000000000000
0000001000001000
0000010000001000
0000111111111000
0000000000001000
0000000000001000
0000000000000000
0000000000000000
0000000000000000
0000000000000000
0000000000000000
0000000000000000
0000000000000000
0000000000000000
0000000000000000
0000000000000000
0000000000000000
0000000000000000
0000000000000000
0000000000000000
0000000000000000
0000000000000000
0000000000000000
0000000000000000
0000000000000000
0000000000000000
0000000000000000
0000000000000000
0000000000000000
0000000000000000
0000000000000000
0000000000000000
0000000000000000
0000000000000000
0000000000000000
0000000000000000
0000000000000000
0000000000000000
0000000000000000
0000000000000000
0000000000000000
0000000000000000
0000000000000000
0000000000000000
0000000000000000
0000000000000000
0000000000000000
0000000000000000
0000000000000000
0000000000000000
0000000000000000
0000000000000000
0000000000000000
0000000000000000
0000000000000000
0000000000000000
0000000000000000
0000000000000000
0000000000000000
0000000000000000
0000000000000000
0000000000000000
0000000000000000
0000000000000000
0000000000000000
0000000000000000
0000000000000000
0000000000000000
0000000000000000
0000000000000000
0000000000000000
0000000000000000
0000000000000000
0000000000000000
0000000000000000
0000000000000000
0000000000000000
0000000000000000
0000000000000000
0000000000000000
0000000000000000
0000000000000000
0000000000000000
0000000000000000
0000000000000000
0000000000000000
0000000000000000
0000000000000000
0000000000000000
0000000000000000
0000000000000000
0000000000000000
0000000000000000
0000000000000000
0000000000000000
0000000000000000
0000000000000000
0000000000000000
0000000000000000
0000000000000000
0000000000000000
0000000000000000
0000000000000000
0000000000000000
0000000000000000
0000000000000000
0000000000000000
0000000000000000
0000000000000000
0000000000000000
0000000000000000
0000000000000000
0000000000000000
0000000000000000
0000000000000000
0000000000000000
0000000000000000
0000000000000000
0000000000000000
0000000000000000
0000000000000000
0000000000000000
0000000000000000
0000000000000000
0000000000000000
0000000000000000
0000000000000000
0000000000000000
0000000000000000
0000000000000000
0000000000000000
0000000000000000
0000000000000000
0000000000000000
0000000000000000
0000000000000000
0000000000000000
0000000000000000
0000000000000000
0000000000000000
0000000000000000
0000000000000000
0000000000000000
0000000000000000
0000000000000000
0000000000000000
0000000000000000
0000000000000000
0000000000000000
0000000000000000
0000000000000000
0000000000000000
0000000000000000
0000000000000000
0000000000000000
0000000000000000
0000000000000000
0000000000000000
0000000000000000
0000000000000000
0000000000000000
0000000000000000
0000000000000000
0000000000000000
0000000000000000
0000000000000000
0000000000000000
0000000000000000
0000000000000000
0000000000000000
0000000000000000
0000000000000000
0000000000000000
0000000000000000
0000000000000000
0000000000000000
0000000000000000
0000000000000000
0000000000000000
0000000000000000
0000000000000000
0000000000000000
0000000000000000
0000000000000000
0000000000000000
0000000000000000
0000000000000000
0000000000000000
0000000000000000
0000000000000000
0000000000000000
0000000000000000
0000000000000000
0000000000000000
0000000000000000
0000000000000000
0000000000000000
0000000000000000
0000000000000000
0000000000000000
0000000000000000
0000000000000000
0000000000000000
0000000000000000
0000000000000000
0000000000000000
0000000000000000
0000000000000000
0000000000000000
0000000000000000
0000000000000000
0000000000000000
0000000000000000
0000000000000000
0000000000000000
0000000000000000
0000000000000000
0000000000000000
0000000000000000
0000000000000000
0000000000000000
0000000000000000
0000000000000000
0000000000000000
0000000000000000
0000000000000000
0000000000000000
0000000000000000
